3en
4230
985
-809
-9
93
-2440
-1432
-62
-621
-1742
-1141
62
-111
-239
-750
-279
524
603
1704
-428
1755
-1198
84
-7
369
382
420
179
232
366
79
-176
267
-962
6
608
-1401
-158
1038
-223
849
-419
-174
28
227
152
-174
-104
-656
536
-324
573
75
297
195
443
-78
1369
-16
-184
-53
247
-318
3
-252
252
93
-205
-12
132
-17
-20
-565
-809
-271
-567
88
216
421
-3
-344
-153
-462
-170
-225
116
-166
288
-36
-152
70
-72
-4
-29
248
-256
26
-63
363
71
575
-171
-342
-102
-266
47
-7
-224
143
44
434
70
401
-12
64
-194
203
-34
44
-16
-165
83
1
79
-177
37
97
232
-73
72
36
233
56
223
-2
20
-59
0
-122
57
-156
-162
-115
-256
-53
-2
130
50
-94
-42
1
alf
2443
-457
-393
-919
99
-2845
956
554
258
302
-519
-129
1080
-275
1553
-723
-478
-579
-388
34
-218
-470
3
545
330
-602
322
-505
205
303
517
261
2
204
59
-1
218
43
554
39
-198
-347
207
-176
59
85
-145
-244
-121
-136
-29
-135
3
2
285
111
-32
-234
-130
-296
-109
-3
180
-44
-21
43
-100
67
40
68
171
-42
114
20
-57
-311
-24
-113
-118
23
-103
42
119
160
65
89
45
-1
-1
94
-92
47
0
18
-78
-70
37
-30
-44
132
141
50
131
39
-18
86
14
115
-24
-9
7
-70
-104
35
-10
-38
-50
59
-69
148
-59
-66
-37
32
-30
-28
-52
16
-113
-42
-27
-95
-53
-13
-23
93
35
-58
-115
-1
-42
-17
75
-15
35
33
-15
-19
2
42
-110
bih
3788
-335
-1188
-2135
-225
-852
-196
1309
295
1472
428
600
-244
-39
-260
-64
-460
241
-1377
-234
-986
412
-530
893
-106
1228
261
-892
327
171
-173
-235
57
668
127
788
-1381
140
-539
-24
-782
-279
661
-19
-29
73
-285
-204
381
-16
726
-257
-632
99
334
687
83
1058
353
-259
264
-464
-312
385
144
152
34
42
-333
276
42
-520
205
-123
-30
-584
-180
-554
19
-133
-245
-235
34
-320
545
385
-275
-70
-191
-89
249
-143
28
-26
51
176
-201
-5
-132
28
409
154
678
167
107
-130
42
-348
77
-335
-26
33
-117
32
43
90
25
-224
5
158
-92
12
23
-66
77
-116
42
289
-181
99
7
-227
-186
-94
-79
-51
36
34
117
81
388
135
-59
113
-153
-149
44
27
142
67
-122
dal
5179
-772
-856
-1571
-44
-1698
756
533
832
707
-950
97
809
245
-359
14
217
-951
-214
-430
834
922
-100
1241
-529
630
-304
168
-112
-168
-130
-634
436
-1222
62
-1242
139
77
-953
461
-628
626
-89
33
261
-243
-51
143
190
239
608
59
1098
75
-19
-314
-41
-109
-254
263
-483
-145
-36
-352
79
-123
-83
6
174
160
-275
226
-355
46
-216
190
-35
459
-26
-1
179
83
-102
184
55
-51
176
-186
27
25
-5
28
49
-2
48
-16
-197
318
-513
288
-502
83
-593
-17
-307
45
25
55
9
176
-3
174
128
17
201
81
-56
69
-40
-8
-41
-15
-83
-131
38
-176
-38
85
-198
348
-82
306
34
215
5
-19
-72
-27
-36
-35
-89
-40
-160
-136
-43
-179
-58
37
-48
80
55
feh
3838
-1348
-738
-2352
-524
-1014
785
165
1363
1613
-1306
978
-275
382
-1091
270
545
-671
-1026
-524
-333
1191
-608
1338
-495
1469
191
-729
58
-245
-441
-113
221
580
80
-1474
-75
219
-135
190
-148
-636
198
140
-27
166
219
137
-124
74
-653
-139
914
-67
962
-562
-41
-94
-85
-933
460
392
-45
433
-131
-130
109
-150
-375
-103
-115
465
240
65
3
-515
207
-44
672
104
102
-21
19
131
-70
26
-512
24
114
-37
220
69
7
-58
120
315
-179
-94
102
74
-30
-154
-275
-220
13
-292
-121
-305
-35
555
-88
167
-290
37
213
-169
169
-175
-42
-13
96
-54
-91
28
-42
32
-75
69
-52
-216
-138
284
238
85
68
-22
89
91
114
137
-239
-61
-193
204
95
-182
196
-206
36
115
29
gem
4567
689
99
-138
-109
-2656
-232
-427
-380
-54
-2679
231
-285
-115
-778
-779
95
-271
734
-409
-299
-1871
95
1641
322
237
371
16
20
306
968
-430
752
135
476
124
858
-413
1577
-691
522
-661
214
-85
30
152
154
-100
-466
-481
-112
-542
-590
-133
-293
642
197
-511
616
133
462
30
-93
272
-16
315
207
-60
-65
-111
260
280
308
793
347
390
-63
339
137
9
-359
-30
-160
-18
-366
397
-330
23
-243
-3
16
33
-190
-141
124
-93
91
-321
-97
-421
-218
-69
-219
-11
179
69
-11
-113
18
-244
-255
-127
-261
-139
5
-24
113
-160
-37
48
17
-24
-65
226
-79
-135
-49
-358
90
-161
128
-185
32
-176
20
44
88
-7
-51
-51
-15
-45
169
9
121
-76
-37
-263
86
125
-53
heh
3651
-1426
-1731
-2331
284
-1733
991
759
1582
1933
-649
-588
1067
182
-485
249
315
-1244
-704
-623
528
226
299
587
-342
176
-424
-199
75
185
-178
-70
661
-661
-3
-994
526
169
-401
434
-29
823
291
31
-136
232
5
-28
-571
15
-475
-90
874
-29
87
-225
-212
-105
-540
632
-584
-87
-92
110
-158
39
-114
1
-212
-58
-87
595
-160
98
22
-278
176
176
-104
-10
55
357
-611
262
-161
66
141
345
32
60
21
-14
-38
91
-67
-26
59
180
-159
327
328
-125
26
-106
2
51
99
48
-54
110
-185
35
-41
-337
-281
-122
-112
-17
27
59
-19
-23
2
70
21
132
168
18
-182
-114
-212
-257
92
-79
-2
-95
42
-59
8
-61
139
170
173
110
280
129
75
82
0
-42
-55
lam
3425
-1044
-1448
-447
-937
-464
378
1183
805
594
-1595
649
-866
679
-1818
613
-132
-582
-102
-74
853
-774
456
820
-289
1248
699
-423
-552
-49
-673
-258
-200
-1118
49
154
337
-13
764
-283
635
-719
747
-204
1165
-728
159
146
-241
275
257
189
-297
-129
-180
260
-134
-24
-213
-136
-329
-235
78
-580
-329
747
-40
-88
483
-89
303
443
-157
275
131
250
-120
27
-36
-60
-150
60
-319
178
-170
72
-227
319
-562
31
-98
101
-112
2
220
-153
-18
-248
-31
-65
-7
45
46
8
-23
-14
46
10
81
-55
134
87
177
66
108
175
19
171
41
-15
-223
18
-251
140
-250
-201
-23
-128
28
-167
96
-140
18
-48
5
-50
8
31
-16
-27
-8
7
38
-50
69
-34
56
4
74
-6
240
non
3230
-689
-1474
-990
-177
-1181
-39
579
832
725
-1483
230
-831
465
-866
347
721
0
449
-360
858
-168
-133
1776
-589
1109
-164
-776
781
-185
-525
-1067
-198
-786
21
-22
694
136
195
163
-423
25
843
-56
208
-40
-33
-686
31
608
-264
230
-485
-30
-181
-180
-83
-615
-18
-42
348
-230
142
-17
-207
199
-219
-14
-4
-24
90
319
-317
798
61
315
16
-35
-201
28
133
24
46
-377
-148
-198
-221
439
-203
27
107
-120
9
253
-14
7
154
1
-91
-88
-140
-83
131
20
96
104
29
193
-58
-14
135
68
174
25
-299
0
-2
-121
90
23
-34
-30
91
1
-146
114
54
-102
90
-133
131
-182
-14
-176
-38
-26
47
-27
-72
-14
-28
50
39
-48
76
96
112
-60
25
-174
-67
qaf
4547
-1251
-900
-443
-430
-1598
702
171
1901
-323
-603
394
-1595
352
-1670
96
297
-1192
707
-1005
491
-2410
-383
718
-155
1229
265
111
264
638
-342
-173
473
295
61
289
-526
188
1809
420
223
-547
649
58
-464
383
-442
-176
-455
193
-731
14
-361
-105
-29
495
472
699
-158
227
145
-134
-62
254
-234
304
25
-79
-465
21
322
-419
360
-85
124
-495
46
734
446
-310
-286
-680
-171
-4
-681
-41
-262
277
-72
-130
116
17
16
84
120
282
393
-474
174
-51
747
-17
-434
14
-168
-80
141
-379
292
-163
-22
-249
-189
362
-1
-182
273
-57
34
-168
-92
33
-32
37
-247
147
-137
408
82
28
-110
-266
44
17
25
-80
-53
-79
58
-131
-123
158
153
358
-42
73
-79
-235
-91
2
133
reh
2457
-1052
-859
-813
-27
-543
616
827
990
539
-743
47
-342
-92
-584
353
-233
-560
-606
-236
695
168
-70
1079
170
948
207
-90
-150
-44
-720
96
-291
-571
-282
-468
170
166
14
53
-240
-270
330
-36
292
-248
9
-10
133
519
86
503
211
236
-140
3
-142
-326
-216
-494
17
-427
23
-171
-12
192
-110
-13
175
-44
209
-70
22
169
-173
173
-33
66
-100
70
54
151
331
52
258
7
-27
45
-102
-3
91
-113
-3
27
12
-89
17
-299
-83
-300
-164
-62
-104
-86
18
47
31
75
-45
-30
36
73
76
248
-5
62
-5
9
11
143
-167
-3
26
2
-60
-26
-111
-60
91
46
140
47
98
0
24
-111
76
-34
-45
-54
-35
-32
-76
-36
-202
-1
17
82
42
-1
-66
sad
3362
-894
-1103
-2308
-1088
-718
93
875
1785
691
236
1148
538
570
-330
-437
125
-1503
-1096
-1640
820
-807
330
-210
186
200
414
-616
139
86
282
226
1561
298
-283
259
467
-230
884
-1432
184
-894
792
151
100
-113
-146
-440
-213
-173
-486
284
-381
588
-1156
475
136
-603
343
92
638
82
-300
172
108
20
64
-86
-60
264
389
-79
67
-343
-334
369
95
321
-30
-587
-181
110
332
179
-297
17
-167
-370
257
-57
377
-202
-76
-254
148
53
-105
-112
260
-287
584
-217
201
-31
-40
-206
335
123
518
-475
-443
-335
108
-36
582
-126
110
-235
19
185
-63
-76
52
186
7
-236
-309
118
-13
278
157
-334
-232
-222
-39
18
109
19
47
-265
52
373
475
98
102
-323
24
-41
133
-94
57
sen
5544
-69
-1003
-1862
-1041
-1026
215
619
881
376
-300
1306
550
750
-374
-543
77
-1288
-429
-1253
1300
-455
-102
238
-573
303
222
-533
183
92
621
119
1527
-704
114
-991
677
112
384
-466
-162
-547
478
108
-52
-150
10
-270
-158
-221
-332
-70
493
245
-206
11
-438
-494
-138
343
393
147
-196
152
12
121
192
-114
181
-126
157
-95
-143
76
-245
103
186
-145
-139
118
-57
607
-149
53
-297
112
-129
-62
-111
6
5
-8
-38
-193
203
-104
278
0
316
46
-21
-265
-34
-114
57
-52
-14
150
-88
-28
-131
-37
-58
-28
69
99
-47
34
-17
82
-6
-24
-10
69
0
-126
-63
-229
-73
-98
84
167
97
-26
-11
-99
-99
23
-55
-42
-109
-50
110
63
141
18
-78
80
14
30
-38
mem
3492
-536
1185
-1442
-1034
-1924
-50
-1045
56
-1966
-1357
1285
888
1483
-315
35
365
171
1426
685
452
734
4
1058
-1601
535
-285
799
80
-426
-280
-97
-841
-253
-600
76
-328
-384
-315
-303
-70
-35
-405
-261
317
-537
173
-138
268
13
-267
546
182
7
42
586
191
290
446
-238
506
32
369
-108
89
-11
-328
136
177
-110
90
252
304
-283
106
-279
66
321
-212
-86
-752
-101
-72
-42
-80
-109
15
41
110
47
152
-67
5
109
-198
84
-139
-179
-111
-185
140
-2
-437
-22
-504
-183
49
211
137
321
-116
10
23
-34
-208
-88
-85
64
-48
337
-28
-119
-52
-22
-7
37
-116
56
18
188
0
298
1
496
39
81
136
-39
237
-95
58
-43
91
-72
37
12
208
92
-21
18
-74
wow
3681
-1729
-667
-1969
-549
-1111
1351
851
1863
54
-790
767
154
440
-1055
359
-429
-1485
-591
-625
1313
37
-117
1072
-509
1206
185
-150
204
-36
-443
382
259
-1004
-314
-799
951
14
231
-2
-170
-259
312
20
-11
-230
-45
-417
185
190
292
445
594
143
-476
-242
-328
-887
-190
-533
-183
-323
-224
218
-73
367
-224
71
172
161
402
-173
99
-110
119
442
372
19
-202
245
33
458
48
456
87
452
-323
123
-352
-20
89
-103
-25
208
-157
-5
-258
-192
-101
-368
-296
-688
-147
-303
343
-62
-11
216
-166
474
-35
350
-227
209
-25
108
51
-70
3
161
-159
49
88
55
-111
127
-156
152
-102
144
247
188
356
-228
-13
-231
113
-8
74
-45
-191
-341
-429
-220
-74
-51
124
-12
90
0
-154
yeh
4548
-825
-1422
-1862
-910
-994
821
1023
954
1196
-1348
570
277
344
-1077
-505
178
-1528
-361
-148
469
-324
1181
131
238
731
398
-662
45
61
643
-524
690
-1343
-609
428
983
-939
1168
-965
684
-388
587
256
-96
-135
-83
-39
-344
-478
549
562
68
147
-1146
159
126
-674
265
-745
-628
130
-542
179
90
371
181
-111
162
10
94
387
381
-236
34
892
261
240
-253
-203
-336
-207
-49
722
-163
342
23
-248
-264
-88
267
-36
-105
-294
151
-230
234
-347
79
-454
117
-488
-161
10
50
5
160
148
580
211
266
-127
70
-252
255
52
139
-156
-140
201
-111
-40
5
243
164
75
92
-221
75
-319
62
-155
-119
-90
-153
-93
-11
79
70
-233
92
-399
116
-133
255
-25
-30
-8
-53
261
-113
tah
5242
-1154
-1907
-902
339
-1998
479
641
956
1175
-1617
-1027
381
212
730
-430
472
-581
310
266
470
-294
825
919
122
-673
-425
-1017
663
230
103
-521
-315
-794
-771
693
-247
-26
543
-368
142
579
1004
-18
525
-461
-124
-534
-550
260
-143
431
-587
266
-298
664
-116
-43
25
270
-118
88
101
-356
-174
-68
213
198
251
20
-242
211
-32
-119
105
-12
-136
-767
149
114
-112
-8
90
-67
-328
-213
149
243
410
14
305
-273
-119
-323
-305
-104
186
284
192
-163
327
92
382
139
22
-176
-167
-248
-182
-457
-128
-127
38
-239
0
-82
62
-176
10
-52
-58
62
152
150
109
105
76
77
-40
115
107
216
-71
145
35
40
-79
39
0
176
8
195
-3
191
35
-92
-112
-126
-25
-26
112
