1
2605
-300
335
-1291
446
-2721
466
-314
291
-416
-572
-416
1432
-942
1198
-540
47
-573
423
-218
-80
-45
-99
538
867
-662
734
-24
206
38
397
-126
363
-11
10
102
63
73
93
181
-54
-640
137
-256
-54
-117
10
-135
-12
-86
174
-17
-64
62
36
54
40
-15
-104
-138
-109
-120
158
46
-9
77
-130
-7
0
4
-187
-105
-21
-31
-75
-9
5
-12
12
-3
-72
-73
-67
-26
120
72
-36
99
-78
32
94
39
-43
84
-22
219
-93
105
-39
-34
-31
-18
-3
-6
-20
11
-13
-45
-18
56
54
-3
123
-30
-132
152
-93
22
-1
-16
-78
46
-107
74
-145
183
-160
188
62
-8
33
13
0
23
-2
-4
-4
7
-4
19
65
65
-12
-57
113
-65
-50
154
-71
20
53
2
3386
178
968
-829
68
-2639
-495
-135
-998
-143
-1099
-625
796
-400
179
67
-839
1397
-595
475
-853
-754
481
728
810
-13
358
127
144
256
-383
1223
-806
776
484
-323
75
265
681
-279
138
-58
-173
-56
112
-65
45
13
-386
469
-279
-304
269
35
284
297
-61
-62
-193
-199
-421
-1
-114
-18
66
80
-16
12
-75
-131
-165
119
-295
-113
-50
-236
-98
175
49
-70
-203
-41
-121
-116
27
121
19
-43
-6
-6
15
-41
15
27
-33
17
6
4
57
50
8
-7
-66
-33
0
18
-41
30
-34
17
153
139
104
-16
121
-112
-27
0
-20
5
-76
-27
14
-3
-33
85
31
48
0
19
156
28
-30
66
-46
85
119
-44
18
17
28
136
22
20
86
-133
108
-35
12
35
14
3
3450
503
1388
-840
-166
-2308
-1138
50
-632
-1168
-1838
-80
920
204
-118
610
-1299
1078
210
287
-925
-245
333
872
64
-75
-468
-170
-158
282
-736
910
-379
156
89
497
457
-56
-32
-359
212
118
-298
363
116
286
-163
180
-118
198
359
2
-436
-122
278
17
-32
-202
97
98
171
546
-166
92
93
-30
-54
113
168
-58
-21
140
114
128
154
-68
28
-15
60
32
93
-11
-64
219
-14
-67
-183
50
-65
72
43
2
4
-43
-77
-108
178
-122
-235
110
-38
-95
56
-30
56
8
-84
-27
-92
-48
79
-134
-189
114
-68
-58
31
-4
-29
0
17
-6
17
-20
-46
-59
-167
129
-49
-97
12
-24
28
-29
-46
-93
-104
29
7
119
-43
-7
-13
15
-53
-147
100
-104
-44
-78
-6
4
3379
820
-753
-477
-20
-2545
-1043
254
-575
-470
-787
-544
405
15
20
144
452
888
496
-47
1393
-1116
376
265
653
-58
-102
58
130
-97
-316
-110
117
-447
180
-106
-32
26
1201
-242
569
21
149
89
99
-49
-94
41
23
-90
-768
-364
0
-142
153
404
215
97
-163
-580
-268
-276
-88
-133
-15
20
12
33
-4
-48
-116
125
160
33
-42
-253
24
-54
-25
-40
-284
-269
-29
288
264
144
4
21
8
28
-2
-1
19
-60
27
115
150
41
169
304
230
23
39
-6
101
-77
-36
-49
14
139
18
-53
-211
-73
-13
2
-77
-7
18
-15
-11
0
15
-21
18
3
-10
-47
-30
-44
38
165
30
10
-23
107
33
4
160
26
70
46
-214
18
80
71
-19
32
5
-3
-9
5
3163
-284
-607
-2097
-335
-1953
208
311
364
453
-862
479
814
474
-803
162
244
-192
86
-172
662
851
-121
1289
-599
1147
-53
244
17
-60
-327
-586
-115
-897
-71
-688
-38
-6
-793
58
-702
-72
-119
-108
303
-87
-74
0
2
411
382
322
588
99
99
-81
-40
-2
54
84
225
-171
225
-345
6
44
-36
-13
126
163
39
211
-246
62
-175
20
13
40
17
16
53
37
24
-132
105
-168
123
18
-80
13
-54
-1
17
44
39
-134
-130
-138
-234
0
-186
-55
-74
-29
41
-59
14
3
0
50
70
68
104
44
-30
75
-27
39
9
1
-5
-9
7
-20
-37
-41
82
57
110
114
54
77
26
-28
-20
83
-24
16
34
-14
-26
-39
-58
-85
-33
5
7
10
25
-19
11
6
3044
-1114
1006
-541
641
-1524
1555
-746
688
-589
-1659
-316
337
-744
-1464
-46
181
-1023
480
80
-950
-582
-390
875
394
421
-116
745
-541
-190
172
-118
-51
688
-23
100
352
7
229
337
459
-44
-479
252
208
103
23
257
116
-131
-60
0
-189
78
316
196
89
-286
34
241
227
11
-30
87
2
-32
14
21
-84
-94
67
50
40
99
-58
-233
-8
47
56
-31
-64
-17
67
-10
-18
-165
-161
4
-25
13
-107
79
-47
37
48
17
4
19
34
-51
-18
31
13
-79
93
131
-53
-6
26
-112
-90
-51
-52
-66
-10
-54
-80
24
-32
-63
-67
-12
-80
17
36
-39
-44
16
71
16
-18
-53
70
-50
-4
123
45
32
-78
31
-51
-12
6
-14
-39
-1
50
-41
2
57
7
7
3079
319
251
-1642
-101
-1884
-837
1120
-145
-469
-545
83
1354
59
-385
422
-1568
234
-839
-10
-141
-19
10
-314
20
247
-305
15
102
147
-133
1601
320
-161
-44
229
10
-12
90
79
374
27
-673
388
-13
57
9
-53
-308
-155
-88
65
-84
-35
34
10
-7
146
-84
-181
189
663
-147
240
49
33
-21
53
137
-147
-146
413
69
83
-13
38
-21
65
0
16
-6
-58
-49
83
0
-321
-268
-9
-42
-12
62
-18
29
-18
92
-20
85
-15
-209
-28
-39
1
-81
15
24
34
24
35
-43
-25
12
-24
51
130
-33
-15
17
33
-56
21
-20
18
-17
-76
-20
-102
-187
39
97
51
-28
4
-7
21
6
33
1
3
11
-11
-58
39
5
35
-102
-90
3
24
0
-1
-4
8
3038
-439
-875
-1498
183
-1895
603
-617
90
563
-468
-44
1756
-10
-492
-181
1714
-299
388
109
282
-228
-81
-416
17
-496
-325
48
58
-257
241
-1435
-127
247
91
-8
42
-38
19
3
753
118
-517
128
123
-14
-145
19
733
60
-195
-24
53
30
-15
21
-24
-15
-36
-32
120
316
-117
335
18
89
-43
-118
-36
-83
-90
-451
-102
-31
-1
-41
17
-11
14
-9
29
20
53
91
185
-75
-308
31
-2
-4
18
30
11
-22
-38
-4
91
56
1
-35
-5
-14
-30
2
0
20
2
7
-6
-5
12
-58
5
17
92
20
-33
13
13
-31
-17
17
13
38
93
62
-19
45
-9
6
-12
7
23
-23
-13
1
-2
8
-7
-11
19
23
3
15
-49
-74
57
-26
-55
47
-30
9
3230
-853
736
-1578
821
-1851
699
-1512
125
-890
-426
-739
1037
-304
-849
200
775
-398
1133
414
292
-550
-33
-68
408
754
-769
324
-67
405
133
-279
-171
243
47
-523
119
-138
625
-183
166
779
-639
134
165
109
-107
319
-388
-71
-347
230
572
-11
394
192
159
-90
224
-457
-49
195
-377
-263
104
-116
32
-3
-122
159
-278
-145
-316
-307
-135
-466
24
-70
-63
-31
-159
-198
14
-66
133
245
122
-182
162
-36
-34
-69
-17
-93
-24
25
14
-5
145
107
105
-91
48
0
19
-42
-18
22
31
85
85
108
-21
88
109
-65
78
69
-8
40
-50
-10
37
2
31
10
63
-49
67
55
60
26
17
12
-12
-24
89
-7
51
31
10
56
-54
29
-71
12
33
15
-4
63
-5
