3en
1530
402
-232
-67
46
-898
-520
-45
-247
-492
-630
13
-44
-116
-291
-97
168
230
556
-141
706
-429
-3
155
144
194
151
34
96
136
73
-114
114
-456
33
198
-371
-84
395
-79
293
-161
-43
9
68
79
-57
-67
-237
169
-64
192
-14
99
-140
250
1
487
59
-75
21
69
-116
-13
-72
87
44
-69
-18
52
-15
26
-221
-199
-108
-49
7
-2
215
27
-195
-62
-299
-102
-123
82
-43
112
-23
-56
4
-23
-13
-23
97
-64
-17
-24
95
1
201
alf
1049
-305
-161
-331
23
-896
137
158
95
62
-115
-41
463
-70
774
-399
-149
-216
-147
3
-121
-125
-6
179
97
-279
80
-55
-85
110
206
107
17
65
10
-92
131
21
215
24
-66
-103
102
-44
173
-112
-53
-99
-55
-55
-4
-20
50
2
57
115
-9
-89
-63
-132
-48
-9
49
-14
-14
170
-180
14
5
32
66
-20
21
-22
-17
-118
-7
-84
0
4
-74
9
41
75
42
37
17
3
-12
35
105
-130
17
30
-24
-23
15
-6
-2
45
59
bih
1111
-157
-459
-786
-102
-280
-98
466
89
449
303
249
-17
8
-79
-35
-196
35
-549
-51
-428
113
-226
292
-53
486
93
-309
45
53
-60
4
45
260
27
336
-363
72
-131
18
-379
-154
261
20
50
-56
-105
-69
159
-19
259
-112
-301
9
-139
416
44
367
100
-50
145
-129
-122
126
30
149
-62
30
-51
93
0
-260
94
-68
33
-72
-24
-221
13
-74
-255
-114
-6
-143
200
142
-94
-8
-136
-36
154
-68
21
16
0
24
-45
8
-14
-10
156
dal
987
-264
-298
-685
-39
-698
318
165
322
283
-285
79
411
115
-129
11
91
-376
-114
-190
160
576
-56
482
-244
252
-104
90
-36
-73
-47
-235
191
-339
48
-473
-64
18
-572
191
-307
223
-64
7
116
-52
-11
83
93
112
224
4
434
27
103
-139
-6
81
-73
183
-173
-29
-9
-147
22
-46
3
3
50
55
-128
69
-150
-15
-93
-39
-25
117
133
11
169
16
-14
49
32
-16
84
-58
31
11
-23
36
21
-13
6
-10
-95
116
-205
122
-191
feh
1540
-607
-259
-904
-206
-251
174
37
459
521
-278
411
-23
151
-293
-29
168
-272
-403
-165
-356
581
-258
426
-234
581
82
-112
-145
-86
-136
0
73
295
3
-474
-190
93
-133
129
-71
-236
60
28
113
-64
87
59
-60
5
-194
-29
318
-21
357
-58
-11
103
-42
-374
146
89
0
178
-30
79
-97
-60
-123
-29
-12
191
82
-25
14
-252
49
-191
299
62
32
-19
40
33
30
11
-216
-13
19
-17
205
-77
8
-3
50
102
-66
-23
25
28
-46
gem
1707
146
111
-133
-9
-832
-266
-183
-144
85
-1023
68
-69
-71
-141
-450
12
-111
174
-164
-160
-605
-15
685
119
91
104
160
-126
113
381
-150
315
48
163
-158
429
-109
562
-179
190
-199
116
-13
148
-92
46
-51
-164
-207
-19
-225
-53
-88
-69
173
66
-341
165
-26
142
-59
-59
92
7
262
-38
-19
-7
-24
91
132
132
328
167
136
13
213
60
1
-88
1
10
34
-119
165
-128
-3
-96
12
130
-110
-68
-52
48
-48
31
-79
-79
-138
-89
heh
1378
-551
-634
-881
60
-613
308
250
580
632
-84
-153
479
81
-118
40
123
-460
-281
-277
9
276
109
180
-155
76
-156
-11
-41
51
-96
-67
245
-150
12
-451
178
37
-249
157
10
319
112
21
15
12
1
8
-176
53
-164
-1
304
25
40
-36
-90
50
-185
186
-247
-66
-49
34
-45
85
-100
-12
-77
-24
-53
224
-72
113
-46
-131
42
-6
60
22
8
137
-245
87
-40
27
41
107
-4
29
60
-56
-14
46
12
35
43
85
-95
118
51
lam
1225
-366
-494
-252
-358
-160
160
390
257
305
-593
283
-240
254
-680
151
-61
-221
-116
-49
236
-160
164
380
-136
499
276
-102
-263
0
-204
-98
-50
-418
37
-67
216
-16
216
-146
182
-292
243
-104
466
-257
64
114
-87
119
178
85
-15
-31
-114
122
-56
-96
-70
-81
-102
-138
38
-246
-104
237
51
-43
159
-28
93
164
-101
90
31
136
-38
7
24
-32
-71
44
-81
83
-15
79
-57
97
-192
11
-61
15
-35
-56
99
-57
-56
-103
-48
-26
-42
non
1307
-337
-550
-385
-91
-324
-109
187
290
263
-468
120
-244
168
-234
10
251
-20
66
-144
154
108
-47
698
-205
481
-37
-183
145
-77
-200
-382
-61
-231
0
-177
345
44
9
40
-222
-24
300
-11
226
-146
-2
-221
34
231
-68
94
-77
14
-69
-24
-42
-292
-14
-64
139
-92
48
-56
-70
196
-170
-15
21
-9
32
130
-101
284
9
80
-7
-78
1
15
67
30
90
-120
-19
-85
-69
148
-106
9
140
-138
-7
98
13
10
44
-14
-77
-61
-84
qaf
1687
-432
-326
-189
-166
-625
276
64
679
-92
-255
199
-509
139
-600
31
64
-484
153
-370
238
-808
-165
362
-98
499
61
41
101
229
-103
-65
200
-34
-14
-97
-7
99
716
161
87
-198
246
65
-154
112
-174
-66
-146
68
-230
61
-67
-61
-183
246
123
195
-98
-8
51
-117
-18
81
-98
131
3
-13
-142
29
108
-93
138
50
78
-57
97
158
297
-106
-176
-213
-140
30
-245
-3
-122
82
-68
-47
48
0
1
27
40
103
137
-203
41
-37
257
reh
755
-406
-333
-318
-44
-210
226
294
377
190
-221
67
-49
4
-210
104
-111
-254
-301
-126
144
219
-10
426
27
371
81
15
-109
-8
-256
90
-55
-146
-88
-262
120
9
-98
-38
-143
-128
91
-18
141
-101
9
31
54
209
52
198
138
115
-67
23
-39
-126
-12
-155
42
-151
12
-88
-9
84
-54
-15
73
-23
64
-73
-44
-4
-116
30
-41
1
19
39
53
56
152
34
141
28
17
24
-32
6
34
-49
10
-2
7
-66
-1
-125
-7
-83
-45
sad
1346
-343
-470
-790
-399
-254
-3
285
574
117
218
522
273
247
-87
-177
17
-535
-372
-617
203
-98
36
-112
-90
108
132
-189
-2
11
108
78
657
74
9
-223
430
-154
298
-422
103
-295
311
79
88
-68
-61
-164
-47
-136
-204
-60
-27
222
-481
125
47
-290
248
19
253
-8
-143
46
34
43
-32
-32
-32
123
150
-15
61
-88
-163
118
39
93
74
-138
-16
53
21
26
-126
51
-48
-109
102
-8
180
-126
-11
-79
30
-26
-96
-49
100
-41
266
sen
1229
-38
-335
-824
-445
-434
78
224
284
141
-122
642
298
334
-129
-238
17
-494
-183
-454
499
62
-134
105
-374
114
75
-230
60
12
284
64
646
-273
67
-521
265
-3
41
-85
-34
-191
234
55
-8
-75
-2
-100
-51
-162
-162
-99
292
163
-8
1
-149
-184
12
108
168
43
-96
50
25
49
76
-50
72
-22
45
8
-25
72
-181
-17
-8
5
-45
89
25
234
-62
-16
-161
41
-48
-45
-40
-2
26
-45
-7
-82
84
-56
82
17
97
50
-10
mem
1151
-127
446
-495
-365
-765
-18
-429
-44
-727
-508
465
319
528
-159
37
147
145
535
277
69
331
27
450
-596
250
-98
281
70
-147
-100
-61
-342
-43
-202
47
-49
-177
-150
-130
-59
-11
-204
-99
90
-161
68
-78
96
-10
-103
181
26
-13
-63
211
59
105
217
-88
179
21
167
-46
31
-48
-81
42
68
-48
58
115
126
-86
46
-31
44
136
29
-14
-245
-26
-56
-13
1
-50
9
0
70
8
22
4
-2
46
-63
45
-60
-83
-64
-66
32
wow
1305
-724
-264
-698
-232
-373
457
272
677
-77
-174
342
156
206
-298
25
-184
-584
-238
-240
320
264
-54
396
-257
437
65
37
-15
-6
-142
188
118
-306
-88
-463
405
-39
-62
-12
-97
-108
107
3
105
-190
-6
-145
79
84
123
165
326
90
-116
-74
-116
-304
-18
-149
-32
-123
-80
43
-45
221
-144
27
103
36
132
-115
-26
-114
-42
39
56
-30
0
146
111
227
66
182
57
188
-93
80
-139
4
87
-116
-8
62
-68
-23
-82
-48
-17
-83
-114
yeh
1545
-426
-455
-812
-345
-265
202
346
295
506
-482
263
193
148
-262
-362
41
-583
-176
-79
104
-13
425
106
29
276
155
-116
-138
6
283
-195
303
-491
-123
10
481
-404
307
-404
239
-141
245
94
138
-210
-35
15
-100
-183
287
157
174
41
-348
-92
33
-365
192
-263
-232
-14
-211
37
23
262
-47
-20
91
8
-1
139
54
-138
-28
326
105
178
-82
-39
-21
10
-6
301
-13
165
4
-76
-96
-35
243
-147
-35
-131
29
-109
93
-114
30
-128
0
tah
1371
-388
-735
-401
105
-846
252
219
400
483
-514
-363
240
79
262
-86
190
-234
21
6
21
55
377
434
45
-244
-168
-460
300
73
-4
-237
-87
-291
-244
96
190
-93
151
-191
43
251
431
10
193
-100
-46
-204
-202
122
-33
164
-129
114
-324
373
-10
-139
42
65
-62
-13
18
-152
-73
-146
74
54
93
13
-72
135
-8
0
30
78
-56
-243
-1
-4
-113
-4
-13
-31
-137
-96
42
101
143
32
82
-44
-42
-93
-88
-31
77
98
54
-52
162
